99650
65287
95867
4412
50657
76896
81105
48495
95172
11961
73150
1239
89834
82533
63530
93735
56873
18444
15371
59610
90186
86666
15556
49077
93543
97879
79807
31717
71089
32960
73825
47592
92586
97593
99120
38696
30350
70269
44116
84687
220
66235
86371
34005
11111
75175
91652
20708
89631
56712
64683
24764
12072
59193
14537
91187
86856
86919
41691
48067
42572
18429
36379
69791
80478
79850
2005
95825
81819
76883
69112
92472
83851
17207
72800
7977
69848
46956
10878
93184
72510
64932
30014
8253
564
87527
46427
13190
4937
48708
51236
77860
32504
82646
16204
37468
51152
17575
27019
96896
6595
37492
98389
73104
96384
23025
23591
55992
315
54443
11259
41801
62161
13978
1019
13828
83583
66087
94010
25058
16486
61863
88498
55174
22216
54792
85720
88723
36825
40028
42575
13757
73250
5150
57988
97036
16095
79330
29058
52137
80624
67088
79199
37321
80962
96081
43407
35134
40471
46764
55030
35923
19135
77942
52949
66392
78049
11894
51335
73533
16687
77113
7373
902
91587
69021
20585
6571
77457
54457
10223
84797
63759
78919
69480
40229
81154
16753
32902
83553
65662
21039
46006
87328
33868
21944
10836
2512
62293
6518
75860
25826
95036
8212
56072
14521
89625
10903
85296
85979
68015
1558
65851
42882
93494
56504
17153
62147
34578
52123
25675
63971
53138
48722
68434
56299
15445
26249
57502
47628
89517
73442
98435
53404
49721
13141
58526
55858
50195
19334
67386
96386
57047
14300
94572
87047
80410
36896
98228
64287
73703
53651
66645
91161
72186
74860
75198
69323
97388
82403
29311
74979
28810
94976
72774
60757
7146
3719
52873
11519
83824
75831
95255
42546
97187
30320
41214
76784
95055
72241
48821
30394
93006
59230
78106
36768
37556
19100
47168
48420
16969
63659
24040
65288
71331
88526
74806
32283
84379
81578
74471
49037
73830
59872
92836
19464
5733
75088
945
17895
63419
73739
27877
73257
16561
8275
19034
91878
55313
35450
45537
48755
25662
55016
12737
89203
35396
74106
33639
99259
48597
49165
35788
32385
83588
40232
51188
98976
93371
52260
23386
9788
9405
23051
43316
53186
8052
90943
18071
10465
60774
7162
8729
64266
4442
97883
47349
38666
45983
78961
36755
33515
51418
95055
18629
44273
70541
27511
16871
59140
3630
59000
45992
50662
52505
32748
56736
50059
68343
47964
84712
31264
70961
2859
27307
97562
37563
35295
94133
526
54261
38455
39909
33048
7647
10865
59154
48442
17928
60300
27411
6182
12438
959
72602
55081
65550
56466
70688
26504
731
67877
82399
48284
86165
64142
47934
42985
97946
66352
17847
61754
30534
99361
87775
6471
65911
13604
68211
99909
33570
20701
25538
91065
92300
40173
4116
87366
69205
68252
20844
11910
27442
80300
34511
37540
36248
20612
71112
44825
49394
42744
90339
31531
26500
82674
39972
14910
7590
82369
53972
19735
53701
75241
52339
48584
68949
38873
53147
85106
83538
62774
73187
59015
68679
19452
95900
93733
85254
92282
91179
88905
3075
86494
65541
10844
76172
96213
21722
4949
21941
95527
18393
69146
30010
13917
82182
79960
67073
52739
32977
39764
51176
23910
59595
31378
86522
78192
82707
51983
53076
77123
94411
11839
34620
30054
39634
60044
90621
85523
19943
32868
44544
11319
93359
72072
82965
96759
54339
1133
13867
37953
2147
12684
31703
91516
16847
82662
37017
75614
10892
3375
42872
57204
73930
71010
25912
17754
59742
41021
61856
60985
83401
7468
9799
65080
87856
80006
63489
72824
86309
51528
80778
92359
85729
95161
64827
46255
62750
33024
37401
35216
82055
85225
34239
5877
68762
24604
81065
69233
29370
15969
18345
20457
12338
56622
42345
1983
28135
19746
85034
78568
93851
49899
86510
5831
52822
79779
6582
76838
17075
42176
73052
23849
13272
81888
28116
56588
31479
50669
19626
33243
84846
97652
25308
63901
33188
73735
56438
80512
37829
84529
63516
33
89284
71212
85034
60467
73101
34574
49172
90674
29172
56130
77740
53392
98955
6367
99568
84787
48700
21609
44315
24927
70286
41452
26856
60403
61662
78857
79357
69699
60592
56202
10439
24687
24472
72911
42735
65772
55990
25766
10394
6972
11576
86889
4545
5743
21577
51590
8873
79134
20368
84612
65313
1985
89870
98339
47509
62873
2850
25412
5145
84983
15275
62049
47857
37978
97335
45630
45819
39385
44399
16820
50289
11316
43909
82259
95146
815
75405
85065
59380
56167
3513
23421
4402
41284
28904
11590
49638
67308
66251
5608
9980
33658
62918
18600
20666
15604
24294
37360
58298
50347
86636
16586
73006
54297
4145
34467
69986
33911
15862
89314
99191
21592
50033
73235
86543
21427
5926
47229
33696
12294
2672
55149
35989
51725
22599
83092
80809
87905
55833
29944
2785
21880
24524
89295
99308
19969
45320
97673
40205
49320
82662
27472
67627
72352
7757
11867
57881
48845
57137
25168
12474
19435
45393
73293
48122
36037
76889
62712
98387
57276
66498
36638
76156
41256
35572
80955
52224
73968
19526
18808
47525
15491
66248
40680
57349
51990
11332
15112
9939
8112
53822
90970
23417
729
6838
2576
16451
35991
74273
51393
8802
49441
4298
20461
58026
29756
73721
80385
66490
57286
64764
86120
30800
33531
44173
94725
67800
89719
98679
67362
46270
53682
5767
79742
10434
77085
63198
46536
84968
88885
7253
3989
84711
81232
30432
45034
96364
10545
70230
37515
51468
83066
69405
81665
10615
98458
83172
47599
36654
51482
88127
61037
15865
13447
4904
34176
25594
93249
6304
92835
72481
27922
85959
47683
1276
28412
98103
66809
57631
89153
56761
18307
37171
33686
36991
99013
90659
56669
27184
47455
65985
66120
67084
71565
66757
38262
789
15589
97066
26120
96809
40984
3447
53250
19274
97921
43199
88785
90375
67739
69081
39920
86125
88276
89432
16739
26061
61175
70864
98008
29914
44843
46467
52076
43256
12452
36907
37097
90714
23302
71302
62349
53320
14715
60716
87286
28844
32005
28841
19791
49448
12027
38934
90066
89848
69837
94835
21311
96129
89333
53141
32341
37324
56343
37244
94521
90911
89124
23272
6329
88368
85828
15032
40069
20344
81007
44540
56944
4970
63039
59610
37896
88015
84312
12264
11019
18385
85628
58432
72689
69410
27132
68371
74150
4450
77753
27395
92711
74940
45347
90087
60828
61198
23928
90663
28624
23497
57738
84415
15276
83110
95658
14398
69039
88171
40052