104002
116973
466098
673705
504875
466250
682321
863915
811780
267848
996439
395793
700794
526852
36061
374416
810182
95637
259044
672513
372063
811339
240812
377787
490816
817799
880370
413453
559487
506046
595147
412898
814208
207711
953895
491766
382766
829777
670163
70961
276624
560911
660179
457648
963736
973717
42734
210698
503859
837990
241996
470277
699076
488944
61325
468653
439985
761684
249194
508502
218495
424621
670871
433283
132086
378325
678157
96119
361610
499691
561739
8051
989937
606077
653164
590408
826422
167134
519810
691113
414682
160647
120769
29584
206253
311247
627525
54626
53455
669100
953981
852895
657618
26358
5564
226318
669823
688038
254869
505493
388593
452921
599918
242776
195186
745779
844401
334935
945847
369726
78801
31607
960253
979938
663270
471145
908372
189441
329160
235448
526008
934889
755119
773845
409291
602691
999356
338393
148255
991136
148801
692153
853727
679551
68152
984350
436772
640264
454179
597968
589737
543269
464914
217687
819930
685457
842575
329365
549354
281444
239452
691267
926786
250913
841641
843892
902753
482019
737684
21160
75258
565661
741841
894587
769701
78499
653137
368709
985203
70421
50521
167535
481648
394577
397857
446559
166822
642630
798273
974254
12841
348732
194934
279539
595743
220759
314709
612981
236952
167264
72330
487798
155687
42588
647054
523369
6488
200645
327649
529973
587871
392090
309529
911858
114342
172656
760568
459284
785355
608842
963727
953709
412800
374414
150476
345676
807592
992706
428937
542561
39956
916717
756528
815808
924911
4197
21812
260254
572800
721109
550712
823774
945498
458829
686115
108346
246415
549346
352789
380205
234305
24585
822972
665630
613033
605575
395340
274145
499125
345799
199710
699992
457665
958470
600326
594332
491782
515148
80012
244342
195292
388403
311258
815346
996634
60256
378264
665280
644457
78193
784697
676121
588340
670268
468621
531071
800711
35325
304384
991626
83390
821446
699157
745328
359333
88939
57164
115733
438038
354743
287965
629168
580499
502803
663680
928749
583955
210982
574563
804410
746680
336974
280830
873460
870162
615963
162218
436855
321724
103753
433063
976711
121588
16375
568661
724990
204662
33239
503785
527671
524300
884312
23215
842745
499252
380595
563825
464100
634265
450472
484118
702544
22472
66400
948609
959048
988343
830137
472335
77628
243315
645090
715713
981896
333764
45372
545940
243641
507700
447498
712019
415528
430506
165281
570032
95609
609421
81847
209311
355040
558364
320686
185884
399482
474158
521658
915248
469979
220019
373877
513219
458346
109790
12409
644106
786794
712347
565474
190007
237333
434291
33855
354068
86800
580277
640789
250313
688637
579860
607153
653345
380451
127696
633742
257089
88359
218685
828208
876787
382720
66669
271698
220138
847306
692255
756321
836183
769191
578765
373003
845226
631846
485276
663862
103849
915033
598066
672969
353006
857600
285715
210939
42967
73833
277890
638283
539359
251272
924143
230458
100881
36030
40581
658469
781479
387269
258534
189322
560545
747651
590857
684973
736302
410193
576475
447451
727529
973981
445529
589117
219551
847776
249508
33850
930984
340838
135474
416965
811770
592593
920979
907483
357530
803122
818445
64257
445837
837197
799701
204169
766269
744613
559036
297630
143326
149872
366817
533494
928807
600634
552395
182151
508895
970222
634936
177816
538332
301874
355257
283728
85507
712844
16223
967854
984247
48174
453542
141188
380692
718976
784914
624008
448389
315221
712483
473965
12266
668278
194512
766099
993637
288772
511591
241793
663167
360106
545115
318797
621106
497569
590239
911584
974133
887344
480553
911260
727983
185102
247012
373219
763998
641534
856224
206780
529400
160164
678775
370095
626077
334492
444976
110091
152881
3580
928738
496758
679456
153457
980502
965873
618499
721227
377848
756440
126256
359038
742411
713584
263047
35143
342837
651012
987410
418388
874368
295012
532655
503358
595232
751169
888767
572921
104934
276117
187058
535267
452416
566275
824092
178797
847026
940227
557766
853436
303971
992952
768662
388334
569687
537959
71537
990203
868978
608560
955904
322763
783749
952143
449952
285699
401454
444048
573213
460338
421680
140899
667862
106633
785981
725299
826013
285615
121550
758550
780010
453088
816174
173955
578092
500738
36282
40949
37994
168015
300527
722528
9284
878776
635245
708791
577796
349997
793245
86200
393519
130945
217969
762705
947297
352060
270398
582144
575669
408056
440986
288745
997059
39483
911174
836068
479459
105012
60899
846044
906699
129490
90424
892836
948577
512366
704389
100808
563074
261354
227302
743198
853519
9197
206875
965094
907492
3212
570079
41064
155845
642272
781310
934605
215345
19957
730863
952037
755109
340906
795046
789162
424301
852255
92700
540637
91902
555709
566509
901873
528193
935487
910787
234775
433267
70738
329976
826150
99217
266715
160074
376169
456324
980345
726497
699092
20957
489450
252158
270340
721876
477210
389744
654022
525416
889936
820127
121457
708416
557041
211308
662459
436150
425922
765000
258617
291684
375152
237167
361496
419721
227631
844235
732726
789319
732169
622325
936270
64826
368716
289288
793455
892427
593418
780595
434244
280502
86110
593223
526749
42985
31828
943869
50256
606462
133449
934636
863005
4287
200798
722519
86956
483847
656049
333417
333994
840166
889951
236151
336367
917407
995837
13487
445376
445401
507009
419655
259595
506515
426675
518336
717363
42911
337564
50308
967646
36192
65751
925346
672415
56955
673450
934845
666740
756575
511820
772
22513
850489
46006
807481
431776
611051
347923
46985
686559
867176
632003
445825
15629
47734
53398
427140
81516
112692
715843
948632
894105
643981
593671
504861
270287
293114
27811
721496
443699
723544
265936
557387
504534
776621
97358
716015
377077
696758
273775
632137
556429
832730
343541
647548
345997
286236
736945
359702
601503
574542
735010
181786
12275
472073
630258
602860
535407
278483
260270
927061
561133
60484
71554
772454
234092
395014
163037
695742
168334
165878
745383
845442
20070
419068
523474
28991
24974
662849
69530
447561
977604
272715
285752
2234
723036
899090
161259
397191
962205
321846
10718
711964
115326
557742
425550
460896
779390
39834
351272
117194
913224
337999
285508
808603
949126
996339
784062
954761
870821
757877
719786
136182
794767
677799
547439
99850
83318
706522
276186
149389
444281
140226
938143
490810
403669
292818
417475
158434
875591
456775
290609
21823
222395
422058
373889
118710
639007
41512
784098
846956
600985
152948
473567
884788
859143
826297
456667
296939
418441
233020
839179
103135
629769
814202
884974
438511
841920
633224
870443
996194
704421
392397
689229
594550
228656
951745
359037
840138
857567
567899
194694
604086
213311
13471
783448
60201
429394
691088
547365
454319
676322
159251
919188
820862
659138
305874
177772
896173
191557
644834
656456
339539
495639
641214
885350
345142
676872
479461
351967
1