813056
347471
290857
678367
444740
589783
853904
879172
394814
711254
341042
550119
621623
674946
170019
705997
230490
592994
492349
169186
321520
400820
205162
698112
423213
530336
994824
329210
251965
539903
714682
772467
952849
477239
68730
381960
365785
511798
819382
535485
369758
159474
600789
460502
734380
451809
883149
885973
174347
587226
612468
440224
172968
413448
207614
371825
942673
208245
889726
536580
554457
75764
41295
800382
735592
118982
739744
507069
516218
766467
385241
747030
280731
809003
524229
534745
915035
473756
150663
869068
648111
779973
836198
196927
755397
793627
515671
731540
452969
447744
434463
157747
962129
230941
212509
141558
285666
901655
530542
530214
523839
201285
429728
987588
798071
742668
964474
251834
95762
713745
388253
856083
774351
463911
546067
786070
39961
730580
788076
920851
433818
52060
751408
162283
219878
732006
604674
363628
159362
669484
764696
437980
729450
934119
76176
879269
201373
555651
568005
489758
561400
595216
386764
33787
741322
722348
530386
789717
802469
847690
918257
284161
668803
694426
391826
419049
540797
884286
21982
902101
631889
433540
719638
736333
755059
95167
352065
404914
888508
429053
529046
35434
541644
502905
969610
33944
849640
25744
182421
749127
489777
125112
477457
174186
73499
428469
802452
583665
110156
609987
211551
452241
74563
880376
895217
52669
292051
176254
24454
110950
273820
235828
37461
450548
201759
36825
330506
800783
327250
82613
684631
132947
766800
344305
105054
826654
134120
179257
895851
88177
300681
998100
91004
981463
962668
18407
595944
74261
50246
813392
493832
222775
180479
19423
780295
496992
255155
236069
52225
456828
366669
106277
176681
530080
41981
454531
64720
329675
620589
903392
169103
783463
681836
267158
918664
584871
939963
265180
454047
861132
475997
278557
103557
108874
502132
444257
702739
632480
595995
98861
11663
528193
258059
355712
132284
925387
383625
69631
875571
138736
358754
781151
758131
568899
955908
589239
948328
793528
902973
238955
759894
484216
85788
962434
87035
111482
556395
735727
554875
284879
922417
68453
618486
462956
930987
888812
615583
386784
395041
779028
780147
360602
149422
24320
868390
135813
954812
623293
120401
658464
953581
580322
625959
343586
481841
510254
297539
770010
650876
92222
557777
80106
687108
223860
105960
443231
10386
168003
781644
425150
542037
124028
317337
903345
522138
150079
662046
426347
977707
840903
240978
903210
992607
200091
830830
628998
423696
40750
607184
579676
706166
778844
631119
115302
318999
888594
683525
750487
350819
810343
281615
810693
196857
329982
436267
827596
825404
322755
952704
212700
212425
355600
147074
453041
431696
602084
420224
318074
655241
817949
424945
587134
187609
787967
513245
120168
159035
555830
65189
676970
599848
501376
515433
420025
77503
591755
744564
15113
998507
261796
268623
207987
792367
720160
437224
490875
510967
577185
606489
228273
212114
729390
740527
515443
85433
147089
94632
647821
959050
146891
982455
788950
77495
922108
182763
968040
264295
517697
358584
240283
435790
257981
384562
175896
681314
42059
833711
854333
212403
104065
684026
388439
872029
45589
76435
348223
791162
229625
412999
892902
175045
833540
832946
603562
900690
562672
516491
542574
763537
329026
683322
278252
869265
718552
425683
866613
600396
662105
839343
694025
420911
243250
655397
474791
940226
172506
709110
600027
342524
658078
480917
924806
386545
529667
146534
442967
466209
243508
252581
318725
288294
819254
555928
906033
86285
999026
328270
594857
981912
839306
548956
553933
982218
207656
748985
140358
129215
693564
101864
753727
257010
791599
925952
383411
446694
318349
560831
472606
600006
588403
862773
593563
563681
277427
935641
250013
378045
634899
367314
977206
730651
967912
432106
216246
14851
285573
76033
181264
670183
667487
222232
737761
296425
557281
19685
99641
32030
258013
743094
177281
303172
499764
9414
596250
20424
616128
250035
266842
829853
540790
299245
820093
23846
924484
870276
818761
156780
683415
790490
69752
903385
77156
413055
642621
73198
208086
540884
86475
430922
659973
860617
548760
22329
35353
826789
12064
355461
152171
261989
405405
823620
200528
140314
121886
203813
108132
888852
819058
582830
246715
85480
278371
596407
412407
100244
800791
863638
647755
603950
279259
663763
512195
340683
298875
654447
324438
708645
809398
525430
150999
416163
627832
510571
774805
432323
85164
666234
518648
347781
424593
423074
507035
20648
225531
957067
145924
477922
355039
99408
862483
150871
962046
397911
557305
203745
709521
691212
580160
772125
568169
95991
8804
349949
400716
369089
342602
543369
319595
439090
940401
507439
325787
513534
4749
976889
120389
151631
356112
492306
614460
456018
842056
834911
672046
662273
999026
273300
228261
128286
702580
14531
285203
729409
808569
334283
496344
537300
516952
445465
914771
800367
577168
652556
371471
690353
533373
503917
548985
381177
531248
785885
852832
992304
525779
506071
400198
350427
748456
714300
646943
491162
981458
944106
193544
85472
640078
105365
989814
481729
484393
712801
565968
184164
832472
545189
856378
787488
746845
40666
16343
919130
827645
351329
327861
473875
109005
886089
984134
425505
383972
731375
985727
191535
920480
249803
629530
147413
198651
648817
485773
418953
451964
795278
627791
255852
422559
392759
700470
314523
426690
504906
584802
752669
476443
83389
547134
311787
575199
106130
203232
364575
79198
174110
640260
341672
460327
970397
473323
800864
897482
916249
688129
957304
260107
767856
290537
556760
988899
676118
741130
408765
665186
334914
326401
931598
921576
699158
157495
986797
287779
113151
671277
509402
217980
571066
732295
975834
343395
403501
631985
593950
432358
46708
305525
795830
98836
50300
876247
833149
217548
843742
743071
235099
329264
432080
355616
902396
702334
763930
890599
711179
614829
294591
909256
392847
531098
340580
907205
857947
808742
798278
566149
317189
263632
18786
855358
185291
96529
916340
861763
360179
49142
990199
234365
722358
296113
244519
429963
701004
631617
208931
509566
439348
595929
991985
143673
784339
385190
58963
600531
972138
981577
383778
213433
712316
954787
390892
651499
85168
999987
110110
493016
737839
88297
967416
712330
78814
582661
16332
288100
890519
513721
576278
277782
821039
51367
688005
683375
614589
265742
658385
685043
327832
72762
641245
262584
805264
913856
301223
501670
952578
707769
251305
227632
235273
335884
457157
644646
286010
68541
503832
906407
329184
968959
409670
915836
224217
64838
774341
738013
780191
728973
264298
904846
168728
8806
301244
581035
832865
794944
861295
761205
596316
825670
83475
48505
83938
298376
892725
874328
168582
872958
13844
460628
778802
504432
226553
731070
519021
159149
909451
787517
566443
136366
273365
183677
626324
455344
885853
593504
388538
502637
448350
179175
535117
77057
35127
736649
260670
936976
224226
647928
751784
628206
544305
679946
503612
583738
777169
808619
1
2